# Crustal GMPE, Moratalla
3.0 2.5 12.589
3.0 3.0 6.818
3.0 3.5 3.475
3.0 4.0 0.684
3.1 2.5 14.125
3.1 3.0 8.086
3.1 3.5 4.428
3.1 4.0 1.636
3.2 2.5 15.849
3.2 3.0 9.485
3.2 3.5 5.464
3.2 4.0 2.409
3.3 2.5 17.783
3.3 3.0 11.047
3.3 3.5 6.599
3.3 4.0 3.260
3.3 4.5 0.256
3.4 2.5 19.953
3.4 3.0 12.790
3.4 3.5 7.854
3.4 4.0 4.190
3.4 4.5 1.426
3.5 2.5 25.119
3.5 3.0 14.746
3.5 3.5 9.237
3.5 4.0 5.208
3.5 4.5 2.170
3.6 2.5 28.184
3.6 3.0 16.953
3.6 3.5 10.781
3.6 4.0 6.328
3.6 4.5 2.991
3.6 5.0 0.071
3.7 2.5 31.623
3.7 3.0 19.452
3.7 3.5 12.514
3.7 4.0 7.554
3.7 4.5 3.898
3.7 5.0 1.159
3.8 2.5 35.481
3.8 3.0 22.288
3.8 3.5 14.456
3.8 4.0 8.925
3.8 4.5 4.891
3.8 5.0 1.873
3.9 2.5 39.811
3.9 3.0 25.510
3.9 3.5 16.651
3.9 4.0 10.443
3.9 4.5 5.981
3.9 5.0 2.662
3.9 5.5 0.261
4.0 2.5 44.668
4.0 3.0 29.183
4.0 3.5 19.139
4.0 4.0 12.151
4.0 4.5 7.189
4.0 5.0 3.539
4.0 5.5 1.408
4.1 2.5 50.119
4.1 3.0 33.377
4.1 3.5 21.963
4.1 4.0 14.070
4.1 4.5 8.509
4.1 5.0 4.468
4.1 5.5 2.028
4.1 6.0 0.010
4.2 2.5 63.096
4.2 3.0 38.174
4.2 3.5 25.182
4.2 4.0 16.234
4.2 4.5 9.996
4.2 5.0 5.501
4.2 5.5 2.781
4.2 6.0 0.143
4.3 2.5 70.795
4.3 3.0 43.664
4.3 3.5 28.851
4.3 4.0 18.690
4.3 4.5 11.655
4.3 5.0 6.653
4.3 5.5 3.641
4.3 6.0 1.314
4.4 2.5 79.433
4.4 3.0 49.955
4.4 3.5 33.055
4.4 4.0 21.490
4.4 4.5 13.534
4.4 5.0 7.946
4.4 5.5 4.603
4.4 6.0 2.135
4.5 2.5 89.125
4.5 3.0 57.162
4.5 3.5 37.887
4.5 4.0 24.693
4.5 4.5 15.668
4.5 5.0 9.382
4.5 5.5 5.673
4.5 6.0 3.031
4.5 6.5 0.026
4.6 2.5 100.000
4.6 3.0 65.190
4.6 3.5 43.293
4.6 4.0 28.259
4.6 4.5 18.020
4.6 5.0 10.957
4.6 5.5 6.817
4.6 6.0 3.981
4.6 6.5 1.125
4.7 2.5 112.202
4.7 3.0 74.311
4.7 3.5 49.485
4.7 4.0 32.328
4.7 4.5 20.685
4.7 5.0 12.724
4.7 5.5 8.090
4.7 6.0 5.006
4.7 6.5 2.125
4.8 2.5 125.893
4.8 3.0 84.401
4.8 3.5 56.569
4.8 4.0 36.987
4.8 4.5 23.719
4.8 5.0 14.709
4.8 5.5 9.498
4.8 6.0 6.119
4.8 6.5 3.125
4.8 7.0 0.217
4.9 2.5 141.254
4.9 3.0 95.391
4.9 3.5 64.629
4.9 4.0 42.312
4.9 4.5 27.169
4.9 5.0 16.949
4.9 5.5 11.070
4.9 6.0 7.341
4.9 6.5 4.153
4.9 7.0 1.802
5.0 2.5 158.489
5.0 3.0 107.555
5.0 3.5 73.803
5.0 4.0 48.416
5.0 4.5 31.111
5.0 5.0 19.489
5.0 5.5 12.820
5.0 6.0 8.688
5.0 6.5 5.250
5.0 7.0 2.916
5.0 7.5 0.049
5.1 2.5 177.828
5.1 3.0 119.876
5.1 3.5 83.026
5.1 4.0 54.601
5.1 4.5 35.011
5.1 5.0 21.927
5.1 5.5 14.424
5.1 6.0 9.899
5.1 6.5 6.232
5.1 7.0 3.873
5.1 7.5 1.385
5.2 2.5 199.526
5.2 3.0 133.182
5.2 3.5 92.893
5.2 4.0 61.522
5.2 4.5 39.364
5.2 5.0 24.618
5.2 5.5 16.158
5.2 6.0 11.187
5.2 6.5 7.285
5.2 7.0 4.811
5.2 7.5 2.415
5.3 2.5 223.872
5.3 3.0 147.765
5.3 3.5 103.873
5.3 4.0 69.428
5.3 4.5 44.346
5.3 5.0 27.672
5.3 5.5 18.103
5.3 6.0 12.614
5.3 6.5 8.417
5.3 7.0 5.793
5.3 7.5 3.373
5.3 8.0 0.209
5.4 2.5 223.872
5.4 3.0 163.525
5.4 3.5 115.934
5.4 4.0 78.348
5.4 4.5 49.996
5.4 5.0 31.111
5.4 5.5 20.265
5.4 6.0 14.181
5.4 6.5 9.610
5.4 7.0 6.820
5.4 7.5 4.310
5.4 8.0 1.713
5.5 2.5 251.189
5.5 3.0 180.496
5.5 3.5 129.125
5.5 4.0 87.929
5.5 4.5 56.410
5.5 5.0 34.998
5.5 5.5 22.681
5.5 6.0 15.915
5.5 6.5 10.951
5.5 7.0 7.921
5.5 7.5 5.259
5.5 8.0 2.709
5.6 2.5 281.838
5.6 3.0 194.370
5.6 3.5 139.986
5.6 4.0 95.700
5.6 4.5 61.655
5.6 5.0 38.092
5.6 5.5 24.372
5.6 6.0 17.078
5.6 6.5 11.939
5.6 7.0 8.700
5.6 7.5 5.903
5.6 8.0 3.308
5.7 2.5 281.838
5.7 3.0 208.901
5.7 3.5 151.400
5.7 4.0 104.079
5.7 4.5 67.405
5.7 5.0 41.480
5.7 5.5 26.196
5.7 6.0 18.328
5.7 6.5 12.995
5.7 7.0 9.520
5.7 7.5 6.565
5.7 8.0 3.898
5.8 2.5 316.228
5.8 3.0 224.327
5.8 3.5 163.561
5.8 4.0 113.111
5.8 4.5 73.711
5.8 5.0 45.198
5.8 5.5 28.174
5.8 6.0 19.667
5.8 6.5 14.126
5.8 7.0 10.389
5.8 7.5 7.254
5.8 8.0 4.486
5.9 2.5 316.228
5.9 3.0 240.039
5.9 3.5 176.457
5.9 4.0 122.708
5.9 4.5 80.565
5.9 5.0 49.275
5.9 5.5 30.302
5.9 6.0 21.099
5.9 6.5 15.324
5.9 7.0 11.315
5.9 7.5 7.975
5.9 8.0 5.075
6.0 2.5 354.813
6.0 3.0 256.649
6.0 3.5 189.827
6.0 4.0 132.948
6.0 4.5 87.701
6.0 5.0 53.758
6.0 5.5 32.718
6.0 6.0 22.652
6.0 6.5 16.619
6.0 7.0 12.292
6.0 7.5 8.723
6.0 8.0 5.680
6.1 2.5 354.813
6.1 3.0 273.771
6.1 3.5 204.025
6.1 4.0 143.918
6.1 4.5 95.376
6.1 5.0 58.701
6.1 5.5 35.150
6.1 6.0 24.351
6.1 6.5 18.023
6.1 7.0 13.339
6.1 7.5 9.515
6.1 8.0 6.306
6.2 2.5 398.107
6.2 3.0 291.488
6.2 3.5 218.824
6.2 4.0 155.516
6.2 4.5 103.677
6.2 5.0 64.156
6.2 5.5 38.089
6.2 6.0 26.158
6.2 6.5 19.537
6.2 7.0 14.468
6.2 7.5 10.359
6.2 8.0 6.951
6.3 2.5 398.107
6.3 3.0 308.698
6.3 3.5 233.136
6.3 4.0 166.817
6.3 4.5 111.939
6.3 5.0 69.623
6.3 5.5 40.969
6.3 6.0 28.005
6.3 6.5 20.969
6.3 7.0 15.513
6.3 7.5 11.126
6.3 8.0 7.513
6.4 2.5 446.684
6.4 3.0 326.305
6.4 3.5 248.221
6.4 4.0 178.896
6.4 4.5 120.666
6.4 5.0 75.605
6.4 5.5 43.926
6.4 6.0 30.225
6.4 6.5 22.531
6.4 7.0 16.635
6.4 7.5 11.932
6.4 8.0 8.109
6.5 2.5 446.684
6.5 3.0 344.478
6.5 3.5 263.571
6.5 4.0 191.350
6.5 4.5 130.049
6.5 5.0 82.016
6.5 5.5 47.699
6.5 6.0 32.482
6.5 6.5 24.219
6.5 7.0 17.854
6.5 7.5 12.803
6.5 8.0 8.734
6.6 2.5 501.187
6.6 3.0 361.985
6.6 3.5 278.724
6.6 4.0 203.618
6.6 4.5 139.285
6.6 5.0 88.185
6.6 5.5 50.690
6.6 6.0 34.627
6.6 6.5 25.845
6.6 7.0 18.989
6.6 7.5 13.596
6.6 8.0 9.287
6.7 2.5 501.187
6.7 3.0 379.642
6.7 3.5 293.962
6.7 4.0 216.286
6.7 4.5 148.934
6.7 5.0 94.740
6.7 5.5 54.889
6.7 6.0 37.197
6.7 6.5 27.607
6.7 7.0 20.220
6.7 7.5 14.446
6.7 8.0 9.875
6.8 2.5 501.187
6.8 3.0 397.693
6.8 3.5 309.405
6.8 4.0 229.067
6.8 4.5 158.892
6.8 5.0 101.527
6.8 5.5 58.585
6.8 6.0 39.724
6.8 6.5 29.401
6.8 7.0 21.448
6.8 7.5 15.280
6.8 8.0 10.432
6.9 2.5 562.341
6.9 3.0 414.674
6.9 3.5 324.546
6.9 4.0 241.721
6.9 4.5 168.682
6.9 5.0 108.393
6.9 5.5 62.825
6.9 6.0 42.374
6.9 6.5 31.227
6.9 7.0 22.682
6.9 7.5 16.099
6.9 8.0 10.967
7.0 2.5 562.341
7.0 3.0 432.404
7.0 3.5 339.971
7.0 4.0 254.930
7.0 4.5 179.147
7.0 5.0 115.706
7.0 5.5 67.275
7.0 6.0 45.268
7.0 6.5 33.190
7.0 7.0 23.992
7.0 7.5 16.959
7.0 8.0 11.524
7.1 2.5 562.341
7.1 3.0 450.591
7.1 3.5 356.113
7.1 4.0 268.261
7.1 4.5 189.799
7.1 5.0 123.468
7.1 5.5 72.198
7.1 6.0 48.408
7.1 6.5 35.324
7.1 7.0 25.407
7.1 7.5 17.882
7.1 8.0 12.104
7.2 2.5 630.957
7.2 3.0 468.310
7.2 3.5 371.846
7.2 4.0 282.370
7.2 4.5 201.124
7.2 5.0 131.598
7.2 5.5 77.528
7.2 6.0 51.834
7.2 6.5 37.624
7.2 7.0 26.916
7.2 7.5 18.848
7.2 8.0 12.719
7.3 2.5 630.957
7.3 3.0 486.748
7.3 3.5 388.340
7.3 4.0 296.238
7.3 4.5 212.565
7.3 5.0 140.279
7.3 5.5 83.027
7.3 6.0 55.575
7.3 6.5 40.133
7.3 7.0 28.549
7.3 7.5 19.890
7.3 8.0 13.352
7.4 2.5 630.957
7.4 3.0 505.526
7.4 3.5 405.037
7.4 4.0 310.894
7.4 4.5 224.740
7.4 5.0 149.213
7.4 5.5 88.859
7.4 6.0 59.643
7.4 6.5 42.852
7.4 7.0 30.302
7.4 7.5 20.985
7.4 8.0 14.030
7.5 2.5 630.957
7.5 3.0 523.729
7.5 3.5 421.694
7.5 4.0 325.593
7.5 4.5 236.899
7.5 5.0 158.812
7.5 5.5 94.982
7.5 6.0 64.115
7.5 6.5 45.830
7.5 7.0 32.209
7.5 7.5 22.172
7.5 8.0 14.733
7.6 2.5 707.946
7.6 3.0 542.607
7.6 3.5 439.102
7.6 4.0 340.636
7.6 4.5 249.866
7.6 5.0 168.572
7.6 5.5 101.604
7.6 6.0 68.993
7.6 6.5 49.088
7.6 7.0 34.274
7.6 7.5 23.434
7.6 8.0 15.484
7.7 2.5 707.946
7.7 3.0 563.690
7.7 3.5 457.828
7.7 4.0 357.698
7.7 4.5 264.019
7.7 5.0 180.116
7.7 5.5 109.491
7.7 6.0 75.051
7.7 6.5 53.201
7.7 7.0 36.923
7.7 7.5 25.091
7.7 8.0 16.482
7.8 2.5 707.946
7.8 3.0 584.165
7.8 3.5 477.137
7.8 4.0 374.863
7.8 4.5 279.409
7.8 5.0 192.294
7.8 5.5 118.152
7.8 6.0 81.783
7.8 6.5 57.942
7.8 7.0 39.982
7.8 7.5 26.974
7.8 8.0 17.628
7.9 2.5 794.328
7.9 3.0 605.524
7.9 3.5 497.451
7.9 4.0 393.080
7.9 4.5 294.840
7.9 5.0 205.174
7.9 5.5 127.548
7.9 6.0 88.906
7.9 6.5 63.282
7.9 7.0 43.407
7.9 7.5 29.083
7.9 8.0 18.878
8.0 2.5 794.328
8.0 3.0 627.812
8.0 3.5 517.219
8.0 4.0 411.220
8.0 4.5 311.180
8.0 5.0 218.646
8.0 5.5 138.327
8.0 6.0 96.583
8.0 6.5 69.259
8.0 7.0 47.274
8.0 7.5 31.449
8.0 8.0 20.272
8.1 2.5 794.328
8.1 3.0 649.170
8.1 3.5 537.582
8.1 4.0 429.960
8.1 4.5 327.655
8.1 5.0 232.598
8.1 5.5 150.198
8.1 6.0 104.985
8.1 6.5 75.975
8.1 7.0 51.656
8.1 7.5 34.098
8.1 8.0 21.815
8.2 2.5 794.328
8.2 3.0 671.068
8.2 3.5 558.927
8.2 4.0 449.505
8.2 4.5 344.801
8.2 5.0 247.310
8.2 5.5 162.895
8.2 6.0 114.257
8.2 6.5 83.189
8.2 7.0 56.634
8.2 7.5 37.101
8.2 8.0 23.538
8.3 2.5 891.251
8.3 3.0 693.840
8.3 3.5 579.517
8.3 4.0 468.539
8.3 4.5 362.394
8.3 5.0 262.289
8.3 5.5 176.553
8.3 6.0 124.065
8.3 6.5 90.903
8.3 7.0 62.277
8.3 7.5 40.517
8.3 8.0 25.480
8.4 2.5 891.251
8.4 3.0 716.599
8.4 3.5 600.683
8.4 4.0 488.585
8.4 4.5 380.187
8.4 5.0 278.141
8.4 5.5 191.565
8.4 6.0 134.957
8.4 6.5 99.347
8.4 7.0 68.680
8.4 7.5 44.416
8.4 8.0 27.666
8.5 2.5 891.251
8.5 3.0 738.795
8.5 3.5 622.788
8.5 4.0 508.911
8.5 4.5 399.029
8.5 5.0 294.120
8.5 5.5 207.635
8.5 6.0 147.218
8.5 6.5 108.489
8.5 7.0 75.950
8.5 7.5 48.873
8.5 8.0 30.147
